0 2.470406281944
1 2.470406281944
2 1.856165765133
3 1.856165765133
4 1.854947278382
5 1.854947278382
6 2.217837811432
7 2.217837811432
8 2.249834372575
9 2.249834372575
10 1.889639042687
11 1.889639042687
12 2.043426700818
13 2.043426700818
14 2.231509452032
15 2.231509452032
16 1.944237266394
17 1.944237266394
18 2.078617373668
19 2.078617373668
20 1.905039455730
21 1.905039455730
22 1.973110264499
23 1.973110264499
24 2.179128376950
25 2.179128376950
26 2.171143942084
27 2.171143942084
28 2.027539241754
29 2.027539241754
30 1.982774636999
31 1.982774636999
32 1.953614859059
33 1.953614859059
34 2.179358012412
35 2.179358012412
36 2.089856887214
37 2.089856887214
38 2.153349137353
39 2.153349137353
40 2.048078994720
41 2.048078994720
42 2.200444736733
43 2.200444736733
44 2.038556001440
45 2.038556001440
46 1.996819637221
47 1.996819637221
48 2.038697007804
49 2.038697007804
50 1.987513494804
51 1.987513494804
52 2.048752425608
53 2.048752425608
54 2.128419052872
55 2.128419052872
56 2.203347993008
57 2.203347993008
58 2.168791915799
59 2.168791915799
60 2.008233520723
61 2.008233520723
62 2.160686681072
63 2.160686681072
64 2.109282782610
65 2.109282782610
66 2.057491094857
67 2.057491094857
68 2.049912927557
69 2.049912927557
70 2.085845093792
71 2.085845093792
72 2.012250844117
73 2.012250844117
74 2.168396000662
75 2.168396000662
76 2.187574049091
77 2.187574049091
78 2.115323995411
79 2.115323995411
80 2.071664133921
81 2.071664133921
82 2.021378752250
83 2.021378752250
84 2.181937046778
85 2.181937046778
86 2.057945044977
87 2.057945044977
88 2.070489884476
89 2.070489884476
90 2.059778968317
91 2.059778968317
92 2.170302299154
93 2.170302299154
94 2.030930239647
95 2.030930239647
96 2.087596283623
97 2.087596283623
98 2.167143656370
99 2.167143656370
100 2.108800460741
101 2.108800460741
102 2.190594555004
103 2.190594555004
104 1.775861762053
105 1.775861762053
106 2.056858027529
107 2.056858027529
108 1.914011689491
109 1.914011689491
110 2.033929739390
111 2.033929739390
112 1.903042356810
113 1.903042356810
114 1.924096184391
115 1.924096184391
116 1.893656827243
117 1.893656827243
118 1.747634430704
119 1.747634430704
120 2.169304808972
121 2.169304808972
122 2.110002120049
123 2.110002120049
124 1.797730345203
125 1.797730345203
126 2.346822723885
127 2.346822723885
128 1.970506977290
129 1.970506977290
130 1.889064867260
131 1.889064867260
132 1.983367033972
133 1.983367033972
134 1.411874072605
135 1.411874072605
136 1.835410886527
137 1.835410886527
138 1.171747885959
139 1.171747885959
140 1.186315802406
141 1.186315802406
142 1.239383007321
143 1.239383007321
144 1.493336771691
145 1.493336771691
146 1.213491389764
147 1.213491389764
148 1.385078013944
149 1.385078013944
150 1.027939016551
151 1.027939016551